145 125 121 130 133 127 122 116 124 116 116 157 167 81 33 148 235 143 32 80 167 160 116 111 124 121 170 125 124 119 127 125 123 125 126 125 125 121 173 121 125 124 128 122 129 121 163 119 126 129 123 123 127 121 125 125 120 125 124 128 121 127 121 123 
127 130 127 125 130 128 133 120 123 125 117 116 199 172 77 29 149 235 144 36 77 173 161 113 119 161 120 124 132 129 122 125 126 128 126 121 129 121 126 125 123 126 130 122 125 125 128 122 125 123 122 123 128 123 126 121 123 123 126 123 124 123 123 123 
124 126 129 125 121 121 131 128 118 120 126 116 112 159 167 77 35 147 237 148 37 80 173 159 115 117 126 116 134 130 131 120 122 127 129 125 125 122 117 125 124 124 120 127 124 121 124 123 124 127 121 122 129 124 126 122 126 125 120 123 132 126 120 122 
124 123 133 124 128 122 124 131 130 120 117 125 114 113 157 171 82 33 143 239 148 35 81 170 156 117 118 125 118 124 132 130 119 125 126 122 123 124 124 128 121 128 128 125 122 121 122 127 128 128 125 128 128 121 126 124 126 129 188 121 131 127 123 120 
123 124 121 122 127 121 124 122 130 135 122 122 121 118 116 164 170 78 33 149 239 147 33 79 168 161 115 115 130 116 120 127 130 119 125 121 123 120 126 125 124 125 124 126 119 125 126 125 125 123 125 127 120 124 126 124 120 125 126 139 120 122 128 126 
120 123 120 123 126 122 129 122 121 127 131 122 144 122 117 117 167 170 82 35 148 241 146 34 80 173 162 118 117 126 121 125 132 130 118 124 218 125 124 123 124 121 123 120 123 123 126 122 132 129 120 120 126 122 120 121 124 124 127 123 126 124 129 126 
120 128 128 126 128 128 123 123 129 121 128 132 117 119 127 113 116 166 168 81 35 148 237 142 35 77 171 158 113 112 128 120 121 130 129 120 126 124 130 123 121 128 128 122 119 126 122 124 123 128 127 128 126 126 119 121 121 124 121 122 122 123 121 123 
123 121 127 121 126 127 124 122 124 119 122 140 128 120 117 124 118 115 159 174 79 36 151 231 151 35 78 187 157 117 114 127 117 120 130 129 125 124 124 125 128 128 122 122 129 124 125 128 124 129 123 124 123 124 126 125 123 125 127 123 122 121 128 123 
165 127 125 124 129 121 123 121 125 128 121 160 130 131 122 118 127 113 118 159 167 81 34 144 237 149 34 78 174 157 118 115 143 119 122 128 128 125 122 127 124 125 126 127 125 120 130 128 125 126 123 124 124 121 126 125 124 122 125 120 126 124 123 126 
120 126 120 125 122 121 123 124 129 125 126 123 124 132 131 118 136 124 120 117 161 167 80 37 149 238 171 32 78 169 159 117 117 124 120 121 127 127 126 123 121 126 125 122 121 126 135 125 122 122 118 128 128 124 124 122 121 125 126 127 124 123 122 123 
119 127 127 125 127 123 124 126 121 121 123 120 121 118 131 137 118 118 123 117 116 160 171 79 34 147 237 150 33 78 172 161 116 114 126 121 121 133 131 125 124 125 189 122 121 125 124 165 125 128 122 124 126 124 124 128 124 124 121 121 124 128 122 125 
120 126 127 122 127 127 128 122 129 124 127 122 124 120 119 126 133 120 122 129 117 116 159 168 80 35 144 236 146 33 76 173 160 118 112 124 118 124 130 129 124 118 123 129 123 129 122 126 122 122 127 127 124 124 125 125 126 173 121 125 130 123 123 125 
119 124 126 123 120 129 120 121 174 125 127 129 126 127 121 126 129 132 123 141 125 116 114 157 173 80 34 146 240 145 38 82 168 161 113 116 126 115 121 130 129 121 124 125 127 124 130 126 125 122 122 123 127 124 131 124 126 133 121 119 124 127 128 126 
119 125 126 131 122 128 128 126 125 127 126 121 122 125 127 117 123 133 132 120 120 127 116 113 159 168 77 31 147 238 147 34 83 168 161 115 116 122 123 120 134 131 119 125 123 126 151 123 125 127 120 124 126 121 139 120 121 124 125 121 122 122 131 125 
128 123 121 126 130 128 123 126 125 125 127 128 122 129 130 126 123 122 125 133 122 121 124 112 113 161 168 83 36 148 235 144 35 78 169 159 122 116 133 120 120 128 128 120 123 126 125 125 121 121 125 124 126 125 125 123 121 121 126 130 130 128 123 125 
118 127 125 124 123 128 124 123 125 178 121 124 121 128 127 128 127 126 122 131 133 122 115 125 113 115 157 166 77 33 148 238 167 35 81 170 163 115 117 123 120 126 130 158 121 123 125 123 123 126 125 123 127 121 125 118 125 125 129 129 122 122 129 126 
127 124 119 125 126 122 126 125 124 125 127 126 124 130 129 124 127 124 130 119 125 130 120 119 124 112 117 161 167 79 33 144 238 150 34 75 169 161 114 117 125 119 123 132 130 119 124 124 124 123 125 124 127 124 126 126 125 125 126 125 125 128 121 123 
124 133 121 121 122 121 124 126 122 126 126 122 147 130 127 124 128 120 123 126 125 132 134 116 123 125 111 115 160 171 79 36 143 240 147 32 81 169 162 113 115 125 119 122 132 125 125 124 121 123 127 123 124 125 131 122 125 136 126 127 138 127 128 123 
125 127 118 122 126 125 125 125 125 125 123 122 126 170 127 125 124 123 125 123 120 122 131 128 121 118 124 110 111 158 165 82 31 146 233 144 34 79 174 158 115 118 120 119 124 132 131 125 122 121 123 128 127 119 121 123 132 125 123 125 121 128 123 123 
127 123 126 124 128 121 128 121 127 125 123 125 120 127 128 125 127 130 124 126 122 122 122 133 130 125 117 124 111 116 160 165 76 36 148 231 141 34 80 174 160 113 114 122 119 124 131 134 123 127 127 123 122 123 125 122 123 132 124 123 124 123 128 123 
120 124 125 122 130 131 123 125 124 125 122 128 129 122 127 121 128 123 129 127 124 122 125 119 128 132 156 115 124 115 115 157 169 78 33 143 239 145 35 79 172 163 114 116 122 123 123 141 130 122 126 123 126 127 121 125 124 121 128 123 122 126 123 124 
122 127 120 123 123 127 125 122 124 126 126 125 120 121 129 123 127 125 123 127 124 125 129 126 120 133 130 127 121 126 113 115 161 169 81 33 149 240 152 32 81 174 158 119 116 121 122 123 132 127 122 123 120 214 125 126 124 121 126 125 124 121 128 122 
120 127 121 118 126 129 122 124 125 125 130 121 121 128 123 124 122 123 130 121 121 127 132 125 120 123 127 129 123 117 121 116 119 158 166 81 28 144 239 147 35 78 169 163 118 118 126 118 121 131 126 121 127 125 122 125 120 126 126 125 130 123 122 123 
124 127 127 128 127 127 124 125 154 128 123 128 122 125 127 120 128 122 120 123 129 120 124 124 125 123 117 129 134 125 118 127 116 119 161 170 84 31 146 238 147 35 75 171 161 117 115 120 122 118 133 130 122 124 126 125 126 125 124 123 123 127 129 127 
120 123 117 124 153 129 128 123 124 125 130 125 126 125 127 125 128 124 126 123 127 125 123 124 126 153 121 123 128 133 124 119 126 118 116 161 172 76 36 147 238 147 34 74 171 161 114 117 125 114 122 132 129 123 121 125 126 125 126 127 124 124 128 126 
120 127 126 124 126 130 122 126 124 126 123 125 122 127 122 125 120 125 122 128 122 126 123 124 123 118 135 121 119 133 133 121 115 121 119 112 162 168 79 35 147 240 144 31 83 168 159 114 116 128 118 123 128 125 122 123 125 121 119 122 126 123 172 126 
127 126 118 128 126 122 123 122 124 125 123 130 121 127 123 125 128 124 122 123 120 126 123 127 125 127 124 123 127 125 127 133 121 119 130 117 113 161 171 78 27 146 241 147 32 75 167 164 113 112 123 121 123 134 131 122 125 124 125 123 120 120 121 123 
124 125 125 125 122 129 124 126 125 124 126 125 127 129 128 125 127 118 122 121 125 125 125 126 129 127 126 120 125 118 121 143 133 120 125 121 115 115 162 169 81 34 148 237 147 32 81 169 163 114 116 128 123 119 133 128 124 126 126 123 125 123 122 123 
125 125 124 122 127 122 123 123 127 126 130 125 126 122 127 124 122 122 159 123 120 126 124 126 125 129 126 123 124 126 122 124 124 131 120 121 123 115 123 159 171 80 34 141 234 147 34 82 166 157 116 115 119 121 121 126 126 124 126 128 126 128 124 127 
124 125 126 124 126 127 128 124 123 128 123 124 126 127 120 124 123 121 125 123 122 122 130 127 123 121 122 125 128 125 125 122 122 127 135 127 119 129 111 118 200 174 80 31 146 237 146 34 80 172 165 120 114 123 120 117 132 125 125 125 126 127 123 121 
127 159 125 124 122 127 128 124 125 126 125 125 129 127 128 121 122 125 126 121 124 132 129 125 128 126 123 121 129 126 123 129 121 130 131 135 122 120 122 114 115 163 167 78 35 143 235 151 31 79 170 159 115 116 122 122 121 133 127 123 121 128 129 122 
123 126 121 121 129 134 155 124 124 121 124 126 122 127 123 126 127 123 132 123 124 132 120 125 125 123 126 127 123 126 128 125 123 124 122 129 131 121 122 128 115 119 160 161 78 34 143 237 149 36 77 172 158 117 118 123 116 120 129 123 123 126 128 123 
